StoneLeafMound,8611,8620,4850,4857
StoneBoulder,8609,8618,4874,4883
StoneMazePath,8664,8666,4796,4798
StoneMazeShootingRange,8664,8672,4790,4795
StoneMazeSpiderRoom,8664,8669,4799,4804
StoneMazePath,8667,8669,4796,4798
StoneMazePathBig,8679,8687,4796,4804
StoneMazePath,8664,8666,4787,4789
StoneMazePath,8676,8678,4799,4801
StoneMazePath,8667,8669,4787,4789
StoneMazePath,8670,8672,4787,4789
StoneMazePath,8673,8675,4799,4801
StoneMazeEndChest,8670,8672,4799,4801
StoneMazePath,8673,8675,4796,4798
StoneMazePath,8676,8678,4796,4798
StoneMazePath,8676,8678,4793,4795
StoneMazePath,8673,8675,4787,4789
StoneMazePath,8673,8675,4793,4795
StoneMazePath,8676,8678,4787,4789
StoneMazePath,8679,8681,4787,4789
StoneMazePath,8679,8681,4793,4795
StoneMazePath,8679,8681,4790,4792
StoneMazePath,8682,8684,4787,4789
StoneMazePath,8682,8684,4790,4792
StoneMazePath,8676,8678,4790,4792
StoneMazePath,8682,8684,4793,4795
StoneMazePath,8673,8675,4790,4792
StoneMazePath,8685,8687,4793,4795
StoneMazePath,8685,8687,4787,4789
StoneMazePath,8685,8687,4790,4792
StoneMazeSmall,8664,8687,4787,4810
DinosaurSkeleton,8618,8627,4787,4833
StonePlantMound3,8562,8573,4804,4813
AbandonedWoodTower,8575,8611,4945,4975
