StoneMazePath,9151,9153,2980,2982
StoneMazeStudy,9154,9168,2977,2985
StoneMazeFountain,9145,9153,2965,2973
StoneMazePath,9160,9162,2983,2985
StoneMazeFountain,9145,9153,2956,2964
StoneMazeStudy,9157,9165,2986,3000
StoneMazePath,9157,9159,2992,2994
StoneMazePath,9154,9156,2959,2961
StoneMazeEndChest,9148,9150,2953,2955
StoneMazePath,9148,9150,2980,2982
StoneMazePath,9154,9156,2956,2958
StoneMazeEndChest,9154,9156,2962,2964
StoneMazePathBig,9145,9153,2983,2991
StoneMazePath,9148,9150,2992,2994
StoneMazePath,9145,9147,2992,2994
StoneMazeShootingRange,9139,9144,2968,2976
StoneMazePath,9154,9156,2953,2955
StoneMazePath,9157,9159,2953,2955
StoneMazePath,9154,9156,2986,2988
StoneMazePath,9145,9147,2980,2982
StoneMazePath,9142,9144,2986,2988
StoneMazePath,9136,9138,2968,2970
StoneMazePathBig,9133,9141,2983,2991
StoneMazePath,9130,9132,2986,2988
StoneMazePath,9145,9147,2977,2979
StoneMazePath,9154,9156,2989,2991
StoneMazeEndChest,9145,9147,2974,2976
StoneMazePath,9151,9153,2953,2955
StoneMazePath,9142,9144,2983,2985
StoneMazePathBig,9133,9141,2959,2967
StoneMazePath,9130,9132,2962,2964
StoneMazePath,9130,9132,2965,2967
StoneMazePath,9136,9138,2956,2958
StoneMazePath,9142,9144,2980,2982
StoneMazePath,9133,9135,2956,2958
StoneMazePath,9142,9144,2962,2964
StoneMazePath,9127,9129,2986,2988
StoneMazePath,9133,9135,2953,2955
StoneMazeEndChest,9139,9141,2956,2958
StoneMazePath,9151,9153,2992,2994
StoneMazePath,9154,9156,2992,2994
StoneMazePath,9127,9129,2965,2967
StoneMazePath,9154,9156,2995,2997
StoneMazePath,9136,9138,2953,2955
StoneMazePath,9130,9132,2959,2961
StoneMazePath,9151,9153,2995,2997
StoneMazePath,9127,9129,2989,2991
StoneMazeSpiderRoom,9127,9132,2992,2997
StoneMazePath,9142,9144,2977,2979
StoneMazePath,9127,9129,2968,2970
StoneMazePath,9130,9132,2956,2958
StoneMazePath,9136,9138,2992,2994
StoneMazePath,9130,9132,2953,2955
StoneMazePath,9139,9141,2977,2979
StoneMazeSpiderRoom,9127,9132,2971,2976
StoneMazePath,9151,9153,2998,3000
StoneMazePath,9139,9141,2980,2982
StoneMazePath,9136,9138,2977,2979
StoneMazePath,9142,9144,2965,2967
StoneMazePath,9130,9132,2968,2970
StoneMazePath,9136,9138,2974,2976
StoneMazePath,9127,9129,2962,2964
StoneMazePath,9127,9129,2956,2958
StoneMazeEndChest,9130,9132,2989,2991
StoneMazeEndChest,9127,9129,2953,2955
StoneMazePath,9133,9135,2968,2970
StoneMazePath,9133,9135,2971,2973
StoneMazePath,9133,9135,2977,2979
StoneMazePath,9127,9129,2959,2961
StoneMazePath,9133,9135,2980,2982
StoneMazePath,9130,9132,2977,2979
StoneMazePath,9133,9135,2974,2976
StoneMazePath,9136,9138,2980,2982
StoneMazePath,9127,9129,2977,2979
StoneMazePath,9127,9129,2980,2982
StoneMazePath,9127,9129,2983,2985
StoneMazePath,9130,9132,2983,2985
StoneMazePath,9130,9132,2980,2982
StoneMazePagoda,9127,9174,2953,3000
RLCraft_SmallUndergroundSkeleton,8969,8977,3008,3016
RLCraft_DecentSpider,8980,8980,3025,3025
RLCraft_UndergroundRuin2,8975,8985,3023,3030
